0.95014	703.712567	703.708028	703.607848	703.603308	
0.9548599	703.713401	703.708028	703.608681	703.603308	
0.9649698	703.715969	703.716754	703.611249	703.603308	
0.9750467	703.719136	703.716754	703.614417	703.603308	
0.9856236	703.723149	703.716754	703.618429	703.612035	
0.9958014	703.72762	703.716754	703.6229	703.612035	
1.005956	703.732694	703.716754	703.627974	703.612035	
1.016163	703.738451	703.716754	703.633732	703.612035	
1.026288	703.744724	703.716754	703.640005	703.612035	
1.036429	703.751648	703.716754	703.646928	703.612035	
1.048809	703.761112	703.716754	703.656393	703.612035	
1.056857	703.767536	703.716754	703.662817	703.612035	
1.067106	703.776423	703.716754	703.671703	703.612035	
1.077174	703.785758	703.716754	703.681039	703.612035	
1.087329	703.795799	703.716754	703.691079	703.612035	
1.097651	703.806642	703.725481	703.701922	703.612035	
1.107648	703.817731	703.725481	703.713011	703.612035	
1.117808	703.829634	703.734208	703.724914	703.620761	
1.127956	703.842131	703.751661	703.737411	703.629488	
1.138105	703.855251	703.760388	703.750532	703.646941	
1.150849	703.872815	703.777841	703.768095	703.655668	
1.158569	703.883685	703.786568	703.778965	703.681848	
1.168672	703.898598	703.812748	703.793878	703.708028	
1.178888	703.914302	703.830201	703.809582	703.734208	
1.188939	703.930362	703.856381	703.825643	703.760388	
1.199296	703.947564	703.891287	703.842844	703.786568	
1.209489	703.965106	703.917467	703.860386	703.821474	
1.219508	703.982946	703.943647	703.878226	703.856381	
1.229651	704.00163	703.978554	703.896911	703.891287	
1.239776	704.020899	704.01346	703.916179	703.926194	
1.250383	704.041777	704.03964	703.937057	703.9611	
1.268488	704.079792	704.100727	703.975072	704.01346	
1.273056	704.089306	704.109453	703.984586	704.030914	
1.283275	704.111423	704.135633	704.006703	704.057094	
1.293381	704.133896	704.17054	704.029177	704.083274	
1.30362	704.157305	704.19672	704.052585	704.109453	
1.313782	704.181153	704.2229	704.076433	704.135633	
1.323997	704.205768	704.24908	704.101048	704.161813	
1.334139	704.230799	704.27526	704.126079	704.179267	
1.34431	704.256546	704.30144	704.151827	704.205447	
1.356477	704.288309	704.318893	704.183589	704.231627	
1.364672	704.309978	704.345073	704.205258	704.24908	
1.374839	704.337565	704.362526	704.232845	704.27526	
1.385003	704.365758	704.37998	704.261038	704.283986	
1.395169	704.394576	704.406159	704.289856	704.310166	
1.405374	704.424139	704.414886	704.319419	704.318893	
1.415523	704.454151	704.441066	704.349431	704.345073	
1.42571	704.48492	704.458519	704.380201	704.362526	
1.435901	704.516297	704.484699	704.411578	704.37998	
1.446168	704.548562	704.502153	704.443842	704.397433	
1.457415	704.584702	704.519606	704.479982	704.423613	
1.466446	704.614123	704.554512	704.509403	704.449793	
1.476806	704.648571	704.580692	704.543851	704.475973	
1.486789	704.682358	704.606872	704.577639	704.502153	
1.496827	704.716938	704.641779	704.612219	704.537059	
1.507107	704.754763	704.676685	704.650044	704.571966	
1.525727	704.820838	704.720319	704.716118	704.615599	
1.530348	704.837589	704.772679	704.732869	704.667959	
1.540453	704.875024	704.816312	704.770305	704.711592	
1.550689	704.913624	704.868672	704.808904	704.763952	
1.562675	704.959736	704.921032	704.855016	704.807585	
1.57103	704.992168	704.973391	704.887449	704.868672	
1.581199	705.032348	705.017025	704.927628	704.912305	
1.59131	705.072905	705.078111	704.968185	704.973391	
1.601474	705.114313	705.121744	705.009593	705.017025	
1.611931	705.157588	705.174104	705.052868	705.078111	
1.622003	705.199838	705.217738	705.095118	705.121744	
1.632328	705.243806	705.270097	705.139086	705.174104	
1.642359	705.28712	705.322457	705.182401	705.217738	
1.652599	705.331964	705.366091	705.227244	705.261371	
1.665046	705.387546	705.41845	705.282826	705.313731	
1.672906	705.422835	705.462084	705.318115	705.357364	
1.683153	705.469592	705.49699	705.364872	705.39227	
1.693351	705.516753	705.54935	705.412033	705.435904	
1.703527	705.564438	705.584257	705.459718	705.479537	
1.713679	705.612642	705.636617	705.507922	705.52317	
1.723771	705.661142	705.671523	705.556422	705.566803	
1.733899	705.710446	705.715156	705.605726	705.60171	
1.744267	705.761732	705.75879	705.657012	705.645343	
1.754346	705.811837	705.802423	705.707117	705.688976	
1.766937	705.875771	705.846056	705.771051	705.73261	
1.774664	705.915171	705.880963	705.810451	705.776243	
1.784973	705.968521	705.933323	705.863801	705.819876	
1.795172	706.021907	705.985682	705.917187	705.872236	
1.805132	706.074651	706.029316	705.969931	705.924596	
1.815348	706.129368	706.081676	706.024648	705.976956	
1.825543	706.184596	706.134035	706.079876	706.029316	
1.835706	706.240274	706.195122	706.135554	706.090402	
1.845869	706.296572	706.256208	706.191853	706.151489	
1.856115	706.353963	706.317295	706.249243	706.212575	
1.867882	706.420844	706.378382	706.316124	706.273662	
1.876577	706.470494	706.448195	706.365774	706.334748	
1.886732	706.529237	706.509281	706.424517	706.404561	
1.896974	706.589122	706.579094	706.484402	706.474375	
1.9075	706.651833	706.648908	706.547114	706.535461	
1.917324	706.709952	706.718721	706.605232	706.605274	
1.927612	706.771992	706.788534	706.667272	706.675087	
1.93778	706.833944	706.858347	706.729224	706.744901	
1.947921	706.896323	706.92816	706.791604	706.805987	
1.958207	706.96024	706.997973	706.85552	706.8758	
1.970185	707.035656	707.05906	706.930936	706.936887	
1.978589	707.088788	707.128873	706.984069	707.0067	
1.988536	707.152405	707.18996	707.047685	707.067787	
1.998702	707.218029	707.251046	707.113309	707.1376	
2.008831	707.284029	707.312133	707.179309	707.207413	
2.019212	707.352358	707.373219	707.247638	707.268499	
2.029194	707.418601	707.434306	707.313881	707.329586	
2.039343	707.486609	707.495392	707.38189	707.399399	
2.049548	707.555633	707.556479	707.450914	707.460486	
2.05977	707.625365	707.626292	707.520646	707.521572	
2.07248	707.713236	707.687378	707.608516	707.591385	
2.079974	707.765132	707.748465	707.660412	707.661199	
2.090184	707.836687	707.809552	707.731967	707.722285	
2.100372	707.90866	707.879365	707.80394	707.792098	
2.110542	707.981148	707.949178	707.876428	707.861911	
2.120633	708.053681	708.018991	707.948961	707.931725	
2.130852	708.127743	708.088804	708.023023	708.001538	
2.141079	708.202534	708.167344	708.097814	708.071351	
2.151118	708.276506	708.245884	708.171786	708.141164	
2.161198	708.35145	708.324424	708.24673	708.219704	
2.173013	708.440195	708.402963	708.335476	708.298244	
2.182044	708.508348	708.49023	708.403628	708.376784	
2.192203	708.586027	708.56877	708.481307	708.455323	
2.202383	708.663903	708.64731	708.559183	708.533863	
2.212668	708.743532	708.734576	708.638812	708.62113	
2.22275	708.820334	708.813116	708.715615	708.708396	
2.233	708.897798	708.900382	708.793079	708.786936	
2.243288	708.974893	708.987649	708.870173	708.874202	
2.253412	709.050172	709.074915	708.945452	708.952742	
2.263493	709.124532	709.162182	709.019812	709.048735	
2.275152	709.209713	709.240721	709.104993	709.127275	
2.283887	709.2731	709.327988	709.16838	709.223268	
2.293978	709.345635	709.406528	709.240916	709.301808	
2.30416	709.418253	709.485068	709.313534	709.380348	
2.31441	709.490733	709.563607	709.386013	709.458888	
2.325307	709.567056	709.642147	709.462336	709.546154	
2.335433	709.637362	709.71196	709.532643	709.615967	
2.345779	709.708578	709.781774	709.603858	709.68578	
2.355916	709.777734	709.851587	709.673014	709.746867	
2.366022	709.846075	709.912673	709.741356	709.807953	
2.377463	709.922716	709.982486	709.817997	709.86904	
2.394881	710.03707	710.095933	709.93235	709.982486	
2.399671	710.068543	710.122113	709.963823	710.008666	
2.409696	710.133725	710.174473	710.029005	710.069753	
2.420353	710.202337	710.235559	710.097617	710.122113	
2.430016	710.263979	710.287919	710.159259	710.174473	
2.440336	710.329432	710.340279	710.224712	710.235559	
2.450415	710.392278	710.401365	710.287558	710.287919	
2.460589	710.455348	710.453725	710.350628	710.349006	
2.470661	710.517165	710.506085	710.412445	710.401365	
2.482633	710.589764	710.558445	710.485044	710.453725	
2.49134	710.642176	710.619532	710.537457	710.523538	
2.501264	710.701232	710.671891	710.596513	710.575898	
2.511339	710.760655	710.732978	710.655935	710.636985	
2.521539	710.820144	710.794065	710.715425	710.698071	
2.531824	710.879521	710.855151	710.774801	710.767885	
2.542536	710.940693	710.916238	710.835974	710.828971	
2.552191	710.995258	710.977324	710.890538	710.890058	
2.562366	711.052169	711.047137	710.947449	710.951144	
2.57264	711.108964	711.108224	711.004244	711.012231	
2.584917	711.175942	711.178037	711.071222	711.082044	
2.593069	711.220037	711.239123	711.115317	711.14313	
2.603188	711.274164	711.30021	711.169444	711.204217	
2.613401	711.328212	711.361297	711.223492	711.265303	
2.623444	711.380673	711.422383	711.275954	711.32639	
2.633714	711.433751	711.474743	711.329031	711.37875	
2.643818	711.485359	711.535829	711.380639	711.43111	
2.654015	711.536831	711.588189	711.432112	711.48347	
2.664161	711.587412	711.640549	711.482693	711.535829	
2.674326	711.63749	711.692909	711.53277	711.588189	
2.687248	711.700109	711.745269	711.59539	711.640549	
2.694819	711.736488	711.788902	711.631768	711.684182	
2.704888	711.784284	711.832535	711.679564	711.727816	
2.715316	711.833119	711.876169	711.728399	711.780176	
2.725357	711.879537	711.919802	711.774818	711.815082	
2.735638	711.926451	711.954708	711.821731	711.858715	
2.74592	711.972734	711.998342	711.868014	711.893622	
2.756045	712.017709	712.041975	711.912989	711.937255	
2.76607	712.061652	712.076882	711.956932	711.980888	
2.776323	712.105962	712.120515	712.001242	712.015795	
2.787679	712.15429	712.155421	712.04957	712.059428	
2.796642	712.191961	712.199055	712.087241	712.094335	
2.806793	712.233997	712.233961	712.129277	712.129241	
2.816978	712.275589	712.268868	712.17087	712.172875	
2.827335	712.318344	712.303774	712.213624	712.207781	
2.837311	712.356743	712.347408	712.252024	712.251414	
2.847459	712.396338	712.391041	712.291618	712.286321	
2.857775	712.435978	712.434674	712.331258	712.329954	
2.867896	712.474274	712.478307	712.369555	712.373587	
2.877887	712.511466	712.513214	712.406746	712.408494	
2.890165	712.55625	712.556847	712.451531	712.443401	
2.898307	712.585584	712.60048	712.480865	712.487034	
2.910284	712.628983	712.644114	712.524263	712.530667	
2.919008	712.658225	712.67902	712.553505	712.5743	
2.928989	712.69239	712.722653	712.58767	712.609207	
2.93921	712.72677	712.75756	712.62205	712.65284	
2.949332	712.760199	712.801193	712.65548	712.687747	
2.959472	712.793092	712.8361	712.688372	712.722653	
2.969752	712.825825	712.871006	712.721105	712.75756	
2.979804	712.857244	712.91464	712.752525	712.792467	
2.992262	712.895218	712.94082	712.790498	712.827373	
3.000132	712.918894	712.975726	712.814174	712.86228	
3.010419	712.949289	713.010633	712.844569	712.897186	
3.020576	712.978521	713.036813	712.873801	712.923366	
3.030612	713.006906	713.071719	712.902186	712.949546	
3.040847	713.035248	713.097899	712.930529	712.975726	
3.051069	713.062937	713.124079	712.958217	713.001906	
3.061207	713.089811	713.150259	712.985091	713.036813	
3.071324	713.11603	713.176439	713.011311	713.054266	
3.08148	713.141754	713.211346	713.037035	713.080446	
3.09407	713.173219	713.228799	713.068499	713.106626	
3.102394	713.192745	713.254979	713.088025	713.132806	
3.112413	713.21633	713.272432	713.11161	713.150259	
3.122592	713.239696	713.289885	713.134976	713.176439	
3.132821	713.262565	713.298612	713.157845	713.193892	
3.142903	713.284527	713.316065	713.179807	713.211346	
3.153105	713.30615	713.333519	713.201431	713.237525	
3.163343	713.327241	713.342245	713.222522	713.246252	
3.173604	713.34778	713.359699	713.24306	713.272432	
3.183552	713.36714	713.377152	713.26242	713.281159	
3.194987	713.388605	713.385878	713.283885	713.307339	
3.204029	713.405151	713.403332	713.300431	713.316065	
3.214343	713.423397	713.420785	713.318677	713.324792	
3.224381	713.440586	713.429512	713.335866	713.342245	
3.234474	713.457299	713.446965	713.352579	713.350972	
3.244725	713.47367	713.455692	713.36895	713.359699	
3.254865	713.489288	713.473145	713.384568	713.377152	
3.265036	713.504374	713.490598	713.399654	713.385878	
3.275268	713.51896	713.499325	713.41424	713.394605	
3.285461	713.532912	713.516778	713.428192	713.412058	
3.297288	713.548279	713.525505	713.44356	713.420785	
3.305818	713.559024	713.542958	713.454305	713.429512	
3.315935	713.571162	713.551685	713.466442	713.438238	
3.327147	713.583897	713.569138	713.479177	713.455692	
3.337488	713.595173	713.577865	713.490453	713.455692	
3.347236	713.605115	713.595318	713.500395	713.473145	
3.357478	713.615083	713.604045	713.510363	713.481872	
3.367507	713.624306	713.612771	713.519586	713.490598	
3.377702	713.633128	713.630225	713.528409	713.508052	
3.387901	713.6414	713.638951	713.536681	713.516778	
3.399461	713.650036	713.647678	713.545316	713.525505	
3.408255	713.656262	713.656404	713.551542	713.542958	
3.418369	713.662865	713.665131	713.558145	713.551685	
3.428723	713.669079	713.673858	713.564359	713.560411	
3.438647	713.674547	713.682584	713.569828	713.569138	
3.44904	713.679733	713.691311	713.575013	713.586591	
3.45913	713.684284	713.700038	713.579564	713.595318	
3.469263	713.68837	713.708764	713.58365	713.595318	
3.479359	713.691975	713.708764	713.587255	713.604045	
3.489685	713.695183	713.700038	713.590463	713.604045	
3.507844	713.699101	713.700038	713.594381	713.595318	
3.512489	713.700173	713.700038	713.595453	713.595318	
3.522676	713.702032	713.700038	713.597312	713.595318	
3.532822	713.703553	713.700038	713.598833	713.586591	
3.543081	713.708028	713.700038	713.603308	713.595318	
3.55331	713.708028	713.708764	713.603308	713.595318	
3.563444	713.708028	713.708764	713.603308	713.595318	
3.573668	713.708028	713.708764	713.603308	713.595318	
3.583827	713.708028	713.708764	713.603308	713.595318	
3.593969	713.708028	713.708764	713.603308	713.595318	
