1.31443	444.092523	444.090302	444.136157	444.133935	
1.319524	444.093235	444.090302	444.136869	444.133935	
1.329704	444.095438	444.090302	444.139071	444.133935	
1.339818	444.098238	444.090302	444.141871	444.133935	
1.350026	444.101691	444.090302	444.145324	444.133935	
1.360194	444.105752	444.090302	444.149385	444.133935	
1.370361	444.110431	444.090302	444.154064	444.133935	
1.380617	444.115785	444.090302	444.159418	444.133935	
1.390699	444.121654	444.090302	444.165287	444.133935	
1.400936	444.128249	444.090302	444.171882	444.133935	
1.411074	444.13539	444.090302	444.179023	444.133935	
1.421636	444.143513	444.090302	444.187146	444.133935	
1.431766	444.151904	444.090302	444.195537	444.133935	
1.441887	444.160903	444.090302	444.204536	444.133935	
1.452051	444.170564	444.090302	444.214197	444.133935	
1.462321	444.180964	444.090302	444.224597	444.133935	
1.472433	444.191806	444.090302	444.235439	444.133935	
1.482796	444.203578	444.090302	444.247211	444.133935	
1.492879	444.215622	444.090302	444.259255	444.133935	
1.50291	444.228211	444.090302	444.271844	444.133935	
1.513113	444.241648	444.090302	444.285282	444.133935	
1.523442	444.255918	444.090302	444.299551	444.133935	
1.533517	444.270395	444.090302	444.314028	444.133935	
1.543654	444.285597	444.090302	444.32923	444.142661	
1.553813	444.301458	444.090302	444.345091	444.142661	
1.564	444.317981	444.099028	444.361614	444.142661	
1.574273	444.335283	444.099028	444.378916	444.142661	
1.584358	444.352873	444.099028	444.396506	444.142661	
1.594549	444.371273	444.099028	444.414906	444.142661	
1.604917	444.390644	444.099028	444.434278	444.142661	
1.614947	444.410854	444.099028	444.454487	444.142661	
1.625296	444.430586	444.099028	444.47422	444.142661	
1.635458	444.45141	444.099028	444.495043	444.142661	
1.645557	444.472734	444.107755	444.516367	444.142661	
1.655697	444.494758	444.107755	444.538391	444.151388	
1.665786	444.517294	444.116481	444.560927	444.151388	
1.676019	444.540773	444.133935	444.584406	444.160115	
1.694061	444.584545	444.151388	444.628178	444.186295	
1.698597	444.595492	444.160115	444.639125	444.186295	
1.718427	444.646605	444.203748	444.690238	444.221201	
1.72433	444.661805	444.212475	444.705438	444.238655	
1.733196	444.68512	444.238655	444.728753	444.256108	
1.743324	444.712442	444.264834	444.756075	444.291014	
1.75347	444.740433	444.291014	444.784067	444.325921	
1.76367	444.769203	444.325921	444.812836	444.352101	
1.773835	444.798495	444.360828	444.842128	444.387007	
1.783972	444.828308	444.395734	444.871941	444.430641	
1.794132	444.858938	444.430641	444.902571	444.465547	
1.804337	444.890087	444.474274	444.933721	444.500454	
1.814476	444.921767	444.517907	444.965401	444.552814	
1.826566	444.960521	444.56154	445.004154	444.596447	
1.834857	444.987388	444.605174	445.031021	444.64008	
1.8451	445.021275	444.648807	445.064908	444.683713	
1.855228	445.055407	444.69244	445.09904	444.736073	
1.86558	445.09094	444.7448	445.134573	444.779707	
1.875555	445.125751	444.788433	445.169384	444.832066	
1.885671	445.161675	444.840793	445.205309	444.884426	
1.895822	445.198347	444.884426	445.24198	444.936786	
1.905987	445.235701	444.936786	445.279334	444.989146	
1.916519	445.275088	444.989146	445.318721	445.032779	
1.929075	445.323069	445.041506	445.366702	445.093866	
1.936499	445.351612	445.093866	445.395245	445.137499	
1.946642	445.391367	445.137499	445.435	445.198586	
1.956894	445.432155	445.189859	445.475789	445.242219	
1.967011	445.473045	445.242219	445.516678	445.303305	
1.977117	445.514461	445.294579	445.558094	445.355665	
1.98727	445.556723	445.346939	445.600356	445.408025	
1.997513	445.599979	445.399298	445.643613	445.451658	
2.007809	445.644093	445.451658	445.687726	445.512745	
2.018287	445.689819	445.504018	445.733452	445.556378	
2.029891	445.741014	445.547651	445.784647	445.617465	
2.038376	445.778849	445.608738	445.822482	445.661098	
2.048435	445.824391	445.652371	445.868024	445.713458	
2.05859	445.870994	445.713458	445.914627	445.757091	
2.068771	445.918353	445.757091	445.961986	445.809451	
2.078974	445.966435	445.809451	446.010068	445.861811	
2.089103	446.014762	445.861811	446.058395	445.914171	
2.099219	446.06365	445.914171	446.107284	445.96653	
2.10954	446.114215	445.96653	446.157848	446.01889	
2.119534	446.163718	446.01889	446.207351	446.07125	
2.132195	446.227576	446.07125	446.271209	446.114883	
2.13999	446.267048	446.12361	446.310681	446.17597	
2.150152	446.31926	446.17597	446.362893	446.219603	
2.1603	446.372033	446.22833	446.415667	446.271963	
2.170428	446.425318	446.28069	446.468951	446.324323	
2.180716	446.480068	446.33305	446.523701	446.376683	
2.190746	446.53404	446.385409	446.577673	446.429043	
2.200968	446.589695	446.437769	446.633328	446.481403	
2.211127	446.645624	446.490129	446.689257	446.533762	
2.221291	446.702201	446.542489	446.745834	446.594849	
2.23275	446.76687	446.594849	446.810503	446.647209	
2.24173	446.817863	446.638482	446.861497	446.699569	
2.251902	446.876342	446.699569	446.919975	446.751929	
2.262077	446.935453	446.751929	446.979086	446.804289	
2.272155	446.994613	446.804289	447.038246	446.865375	
2.282424	447.05558	446.865375	447.099213	446.917735	
2.292578	447.11642	446.917735	447.160054	446.978821	
2.302739	447.177928	446.978821	447.221561	447.039908	
2.312891	447.240006	447.031181	447.283639	447.092268	
2.323037	447.302714	447.092268	447.346347	447.153354	
2.334898	447.376908	447.153354	447.420541	447.214441	
2.34345	447.430696	447.205714	447.474329	447.275527	
2.353606	447.495253	447.266801	447.538886	447.327887	
2.363794	447.560657	447.327887	447.60429	447.3977	
2.373911	447.626249	447.3977	447.669882	447.458787	
2.384119	447.693046	447.458787	447.736679	447.519874	
2.394299	447.760267	447.519874	447.803901	447.58096	
2.404483	447.828171	447.58096	447.871805	447.642047	
2.414606	447.896228	447.650773	447.939861	447.71186	
2.424925	447.96785	447.71186	448.011484	447.781673	
2.437102	448.049956	447.781673	448.093589	447.842759	
2.445293	448.106458	447.851486	448.150091	447.912573	
2.455468	448.177366	447.921299	448.220999	447.982386	
2.465638	448.248867	447.991112	448.2925	448.043472	
2.475813	448.321052	448.060926	448.364686	448.113285	
2.485865	448.39299	448.130739	448.436623	448.191825	
2.496073	448.466594	448.200552	448.510227	448.261638	
2.50629	448.54094	448.279092	448.584573	448.331452	
2.51641	448.61517	448.348905	448.658803	448.401265	
2.526572	448.690381	448.427445	448.734014	448.471078	
2.536922	448.767586	448.505985	448.81122	448.549618	
2.546953	448.843052	448.575798	448.886685	448.619431	
2.557142	448.920242	448.654338	448.963875	448.697971	
2.567252	448.997481	448.732877	449.041114	448.767784	
2.577379	449.07549	448.811417	449.119123	448.846324	
2.595952	449.21498	448.889957	449.258613	448.924864	
2.600518	449.249283	448.994677	449.292917	449.020857	
2.610648	449.324743	449.073217	449.368377	449.108123	
2.630447	449.469354	449.230296	449.512987	449.256476	
2.635385	449.5063	449.265203	449.549933	449.291383	
2.646018	449.58247	449.352469	449.626103	449.378649	
2.655738	449.652253	449.431009	449.695887	449.457189	
2.665891	449.724581	449.509549	449.768214	449.544455	
2.675975	449.795837	449.596815	449.83947	449.622995	
2.68671	449.870961	449.666628	449.914594	449.701535	
2.696308	449.937605	449.753895	449.981239	449.780075	
2.706485	450.007717	449.832435	450.05135	449.867341	
2.716656	450.077113	449.910975	450.120746	449.945881	
2.726781	450.145611	449.980788	450.189244	450.024421	
2.73696	450.213899	450.059328	450.257532	450.102961	
2.748389	450.289776	450.137867	450.33341	450.190227	
2.757921	450.352514	450.216407	450.396148	450.26004	
2.768052	450.418612	450.294947	450.462245	450.33858	
2.778155	450.483937	450.36476	450.527571	450.41712	
2.788458	450.549948	450.434573	450.593581	450.486933	
2.798552	450.613979	450.504387	450.657613	450.565473	
2.808632	450.677373	450.5742	450.721006	450.635286	
2.818978	450.741798	450.644013	450.785431	450.713826	
2.829157	450.804559	450.722553	450.848192	450.783639	
2.83967	450.86879	450.792366	450.912423	450.853452	
2.850784	450.935906	450.862179	450.979539	450.923266	
2.860302	450.992853	450.931992	451.036486	450.993079	
2.870547	451.053554	450.993079	451.097187	451.062892	
2.880649	451.112827	451.062892	451.15646	451.123978	
2.890869	451.172185	451.132705	451.215819	451.193792	
2.901591	451.233766	451.193792	451.277399	451.254878	
2.911199	451.288408	451.254878	451.332041	451.315965	
2.92136	451.345617	451.315965	451.38925	451.377051	
2.931591	451.402608	451.377051	451.446241	451.446864	
2.941705	451.458326	451.438138	451.501959	451.507951	
2.95293	451.519455	451.499224	451.563088	451.569037	
2.962559	451.571322	451.560311	451.614956	451.621397	
2.972726	451.625499	451.621397	451.669132	451.69121	
2.982899	451.679125	451.682484	451.722758	451.74357	
2.992989	451.731713	451.734844	451.775346	451.79593	
3.003225	451.784447	451.79593	451.82808	451.84829	
3.013394	451.836236	451.84829	451.87987	451.90065	
3.023549	451.887349	451.90065	451.930983	451.95301	
3.033743	451.938058	451.95301	451.981691	452.00537	
3.043871	451.987834	452.00537	452.031468	452.049003	
3.055193	452.042747	452.05773	452.086381	452.110089	
3.064765	452.088615	452.110089	452.132248	452.153723	
3.074923	452.136728	452.153723	452.180361	452.197356	
3.08514	452.184479	452.206083	452.228112	452.249716	
3.095532	452.232643	452.249716	452.276276	452.293349	
3.105423	452.277543	452.302076	452.321176	452.336982	
3.115642	452.323504	452.345709	452.367137	452.389342	
3.125724	452.368271	452.389342	452.411905	452.424249	
3.135886	452.412797	452.432975	452.456431	452.467882	
3.145977	452.456441	452.476609	452.500074	452.511515	
3.157572	452.505743	452.528968	452.549376	452.563875	
3.16698	452.545249	452.563875	452.588882	452.598782	
3.177142	452.587342	452.607508	452.630975	452.633688	
3.187277	452.628733	452.651142	452.672366	452.686048	
3.205892	452.702306	452.686048	452.745939	452.720955	
3.210482	452.720503	452.738408	452.764136	452.773315	
3.220629	452.759971	452.773315	452.803604	452.808221	
3.230782	452.798874	452.816948	452.842507	452.851854	
3.240944	452.837223	452.851854	452.880856	452.886761	
3.251381	452.875983	452.886761	452.919617	452.930394	
3.269623	452.941382	452.947847	452.985015	452.991481	
3.274191	452.957795	452.974027	453.001429	453.017661	
3.284388	452.993716	453.000207	453.037349	453.052567	
3.29457	453.029	453.035114	453.072634	453.087474	
3.304852	453.064011	453.070021	453.107644	453.12238	
3.315053	453.098156	453.104927	453.14179	453.157287	
3.325251	453.131679	453.139834	453.175312	453.192194	
3.335338	453.164259	453.17474	453.207892	453.2271	
3.345595	453.196802	453.20092	453.240435	453.25328	
3.357137	453.232619	453.2271	453.276252	453.27946	
3.36587	453.259307	453.262007	453.30294	453.314367	
3.375978	453.28961	453.296913	453.333243	453.340547	
3.386172	453.319566	453.323093	453.363199	453.366726	
3.396285	453.348704	453.349273	453.392338	453.401633	
3.406971	453.378844	453.38418	453.422477	453.43654	
3.41663	453.405555	453.41036	453.449188	453.46272	
3.426785	453.433055	453.43654	453.476688	453.4889	
3.437028	453.460182	453.46272	453.503815	453.515079	
3.447043	453.486145	453.4889	453.529778	453.541259	
3.459299	453.517012	453.515079	453.560645	453.567439	
3.467812	453.538105	453.541259	453.581738	453.593619	
3.477666	453.561932	453.567439	453.605565	453.611073	
3.487762	453.58577	453.584893	453.629403	453.645979	
3.497881	453.609087	453.611073	453.65272	453.663432	
3.508498	453.632906	453.637253	453.676539	453.680886	
3.518221	453.654195	453.654706	453.697829	453.715792	
3.528354	453.675797	453.680886	453.719431	453.733246	
3.538536	453.696921	453.698339	453.740554	453.750699	
3.548627	453.717283	453.715792	453.760916	453.768152	
3.558834	453.737306	453.741972	453.780939	453.785606	
3.577006	453.770688	453.768152	453.814321	453.820512	
3.581588	453.779145	453.776879	453.822779	453.829239	
3.591749	453.797198	453.794332	453.840831	453.846692	
3.601867	453.814611	453.811785	453.858244	453.864145	
3.612106	453.83165	453.829239	453.875283	453.881599	
3.622308	453.848042	453.846692	453.891675	453.890325	
3.632456	453.86379	453.855419	453.907423	453.907779	
3.642641	453.879023	453.872872	453.922656	453.925232	
3.652775	453.893617	453.890325	453.93725	453.933959	
3.665042	453.910398	453.899052	453.954031	453.951412	
3.673675	453.921876	453.916505	453.965509	453.960138	
3.683303	453.934149	453.925232	453.977782	453.977592	
3.693449	453.946511	453.942685	453.990144	453.986318	
3.703583	453.958307	453.951412	454.00194	453.995045	
3.723253	453.978632	453.968865	454.022265	454.012498	
3.727889	453.983487	453.977592	454.02712	454.021225	
3.737986	453.993399	453.986318	454.037032	454.029952	
3.748089	454.002777	453.995045	454.04641	454.029952	
3.758474	454.011857	453.995045	454.055491	454.038678	
3.769965	454.021185	454.003772	454.064818	454.047405	
3.780177	454.028976	454.003772	454.072609	454.047405	
3.790313	454.036191	454.012498	454.079824	454.056132	
3.800441	454.042887	454.012498	454.08652	454.056132	
3.81066	454.04913	454.021225	454.092763	454.064858	
3.820833	454.054835	454.021225	454.098468	454.064858	
3.831	454.060043	454.021225	454.103677	454.064858	
3.841165	454.064761	454.021225	454.108394	454.064858	
3.851297	454.06899	454.021225	454.112623	454.064858	
3.861513	454.072783	454.021225	454.116416	454.064858	
3.872247	454.076249	454.021225	454.119882	454.064858	
3.882482	454.079126	454.021225	454.122759	454.064858	
3.892624	454.081565	454.021225	454.125198	454.064858	
3.902766	454.083612	454.021225	454.127245	454.064858	
3.912872	454.085289	454.021225	454.128923	454.064858	
3.923093	454.090302	454.021225	454.133935	454.064858	
3.933327	454.090302	454.021225	454.133935	454.064858	
3.943377	454.090302	454.021225	454.133935	454.064858	
3.959154	454.090302	454.021225	454.133935	454.064858	
3.971715	454.090302	454.021225	454.133935	454.064858	
3.979848	454.090302	454.021225	454.133935	454.064858	
3.989979	454.090302	454.021225	454.133935	454.064858	
4.000121	454.090302	454.021225	454.133935	454.064858	
4.010259	454.090302	454.021225	454.133935	454.064858	
4.020502	454.090302	454.021225	454.133935	454.064858	
4.03072	454.090302	454.021225	454.133935	454.064858	
4.04089	454.090302	454.021225	454.133935	454.064858	
4.051068	454.090302	454.021225	454.133935	454.064858	
4.061244	454.090302	454.021225	454.133935	454.064858	
4.073513	454.090302	454.021225	454.133935	454.064858	
4.081641	454.090302	454.021225	454.133935	454.064858	
4.091816	454.090302	454.021225	454.133935	454.064858	
4.101979	454.090302	454.021225	454.133935	454.064858	
4.11212	454.090302	454.021225	454.133935	454.064858	
4.122337	454.090302	454.021225	454.133935	454.064858	
4.132498	454.090302	454.021225	454.133935	454.064858	
4.142732	454.090302	454.021225	454.133935	454.064858	
4.15284	454.090302	454.021225	454.133935	454.064858	
4.162988	454.090302	454.021225	454.133935	454.064858	
4.174446	454.090302	454.021225	454.133935	454.064858	
4.183428	454.090302	454.021225	454.133935	454.064858	
4.193487	454.090302	454.021225	454.133935	454.064858	
4.203771	454.090302	454.021225	454.133935	454.064858	
4.213868	454.090302	454.021225	454.133935	454.064858	
4.224078	454.090302	454.021225	454.133935	454.064858	
4.234223	454.090302	454.021225	454.133935	454.064858	
4.244404	454.090302	454.021225	454.133935	454.064858	
4.254665	454.090302	454.021225	454.133935	454.064858	
4.264731	454.090302	454.021225	454.133935	454.064858	
4.276751	454.090302	454.021225	454.133935	454.064858	
4.285254	454.090302	454.021225	454.133935	454.064858	
4.295414	454.090302	454.021225	454.133935	454.064858	
4.30548	454.090302	454.021225	454.133935	454.064858	
4.315721	454.090302	454.021225	454.133935	454.064858	
4.32577	454.090302	454.021225	454.133935	454.064858	
4.33595	454.090302	454.021225	454.133935	454.064858	
4.34618	454.090302	454.021225	454.133935	454.064858	
4.356298	454.090302	454.021225	454.133935	454.064858	
4.366425	454.090302	454.021225	454.133935	454.064858	
4.378927	454.090302	454.021225	454.133935	454.064858	
4.386743	454.090302	454.021225	454.133935	454.064858	
4.39699	454.090302	454.021225	454.133935	454.064858	
4.407143	454.090302	454.021225	454.133935	454.064858	
4.417274	454.090302	454.021225	454.133935	454.064858	
4.427421	454.090302	454.021225	454.133935	454.064858	
4.437661	454.090302	454.021225	454.133935	454.064858	
4.447768	454.090302	454.021225	454.133935	454.064858	
4.457934	454.090302	454.021225	454.133935	454.064858	
4.470336	454.090302	454.021225	454.133935	454.064858	
4.482477	454.090302	454.021225	454.133935	454.064858	
4.490592	454.090302	454.021225	454.133935	454.064858	
4.500842	454.090302	454.021225	454.133935	454.064858	
4.510973	454.090302	454.021225	454.133935	454.064858	
4.521099	454.090302	454.021225	454.133935	454.064858	
4.531362	454.090302	454.021225	454.133935	454.064858	
4.541552	454.090302	454.021225	454.133935	454.064858	
4.551621	454.090302	454.021225	454.133935	454.064858	
4.561821	454.090302	454.021225	454.133935	454.064858	
4.571991	454.090302	454.021225	454.133935	454.064858	
4.583249	454.090302	454.021225	454.133935	454.064858	
4.592397	454.090302	454.021225	454.133935	454.064858	
4.602575	454.090302	454.021225	454.133935	454.064858	
4.612656	454.090302	454.021225	454.133935	454.064858	
4.63167	454.090302	454.021225	454.133935	454.064858	
4.636262	454.090302	454.021225	454.133935	454.064858	
4.646456	454.090302	454.021225	454.133935	454.064858	
4.656585	454.090302	454.021225	454.133935	454.064858	
4.666719	454.090302	454.021225	454.133935	454.064858	
4.677092	454.090302	454.021225	454.133935	454.064858	
4.688333	454.090302	454.021225	454.133935	454.064858	
4.697223	454.090302	454.021225	454.133935	454.064858	
4.707377	454.090302	454.021225	454.133935	454.064858	
4.718153	454.090302	454.021225	454.133935	454.064858	
4.728474	454.090302	454.021225	454.133935	454.064858	
4.738198	454.090302	454.021225	454.133935	454.064858	
4.748416	454.090302	454.021225	454.133935	454.064858	
4.76646	454.090302	454.021225	454.133935	454.064858	
4.770941	454.090302	454.021225	454.133935	454.064858	
4.781232	454.090302	454.021225	454.133935	454.064858	
4.791837	454.090302	454.021225	454.133935	454.064858	
4.802049	454.090302	454.021225	454.133935	454.064858	
4.812211	454.090302	454.021225	454.133935	454.064858	
4.822408	454.090302	454.021225	454.133935	454.064858	
4.832531	454.090302	454.021225	454.133935	454.064858	
4.842741	454.090302	454.021225	454.133935	454.064858	
4.852919	454.090302	454.021225	454.133935	454.064858	
4.863064	454.090302	454.021225	454.133935	454.064858	
4.873228	454.090302	454.021225	454.133935	454.064858	
4.883354	454.090302	454.021225	454.133935	454.064858	
4.894092	454.090302	454.021225	454.133935	454.064858	
4.90422	454.090302	454.021225	454.133935	454.064858	
4.914364	454.090302	454.021225	454.133935	454.064858	
4.924553	454.090302	454.021225	454.133935	454.064858	
4.934772	454.090302	454.021225	454.133935	454.064858	
4.944883	454.090302	454.021225	454.133935	454.064858	
4.955119	454.090302	454.021225	454.133935	454.064858	
4.965354	454.090302	454.021225	454.133935	454.064858	
4.975434	454.090302	454.021225	454.133935	454.064858	
4.985578	454.090302	454.021225	454.133935	454.064858	
4.996234	454.090302	454.021225	454.133935	454.064858	
5.006424	454.090302	454.021225	454.133935	454.064858	
5.016511	454.090302	454.021225	454.133935	454.064858	
5.026644	454.090302	454.021225	454.133935	454.064858	
5.037001	454.090302	454.021225	454.133935	454.064858	
5.047007	454.090302	454.021225	454.133935	454.064858	
5.057155	454.090302	454.021225	454.133935	454.064858	
5.067305	454.090302	454.021225	454.133935	454.064858	
5.077589	454.090302	454.021225	454.133935	454.064858	
5.088152	454.090302	454.021225	454.133935	454.064858	
5.098315	454.090302	454.021225	454.133935	454.064858	
5.108569	454.090302	454.021225	454.133935	454.064858	
5.118767	454.090302	454.021225	454.133935	454.064858	
5.128835	454.090302	454.021225	454.133935	454.064858	
5.155428	454.090302	454.021225	454.133935	454.064858	
5.159964	454.090302	454.021225	454.133935	454.064858	
5.170157	454.090302	454.021225	454.133935	454.064858	
5.180338	454.090302	454.021225	454.133935	454.064858	
5.190795	454.090302	454.021225	454.133935	454.064858	
5.200759	454.090302	454.021225	454.133935	454.064858	
5.210972	454.090302	454.021225	454.133935	454.064858	
5.221216	454.090302	454.021225	454.133935	454.064858	
5.231241	454.090302	454.021225	454.133935	454.064858	
5.241536	454.090302	454.021225	454.133935	454.064858	
5.251648	454.090302	454.021225	454.133935	454.064858	
5.261829	454.090302	454.021225	454.133935	454.064858	
5.271981	454.090302	454.021225	454.133935	454.064858	
5.282102	454.090302	454.021225	454.133935	454.064858	
5.292343	454.090302	454.021225	454.133935	454.064858	
5.30291	454.090302	454.021225	454.133935	454.064858	
5.313105	454.090302	454.021225	454.133935	454.064858	
5.323251	454.090302	454.021225	454.133935	454.064858	
5.333467	454.090302	454.021225	454.133935	454.064858	
5.343547	454.090302	454.021225	454.133935	454.064858	
5.353761	454.090302	454.021225	454.133935	454.064858	
5.36396	454.090302	454.021225	454.133935	454.064858	
5.374112	454.090302	454.021225	454.133935	454.064858	
5.384258	454.090302	454.021225	454.133935	454.064858	
5.394382	454.090302	454.021225	454.133935	454.064858	
5.405814	454.090302	454.021225	454.133935	454.064858	
5.415905	454.090302	454.021225	454.133935	454.064858	
5.426012	454.090302	454.021225	454.133935	454.064858	
5.436242	454.090302	454.021225	454.133935	454.064858	
5.44678	454.090302	454.021225	454.133935	454.064858	
5.456533	454.090302	454.021225	454.133935	454.064858	
5.466708	454.090302	454.021225	454.133935	454.064858	
5.476845	454.090302	454.021225	454.133935	454.064858	
5.486987	454.090302	454.021225	454.133935	454.064858	
5.497143	454.090302	454.021225	454.133935	454.064858	
5.507933	454.090302	454.021225	454.133935	454.064858	
5.518079	454.090302	454.021225	454.133935	454.064858	
5.528205	454.090302	454.021225	454.133935	454.064858	
5.538322	454.090302	454.021225	454.133935	454.064858	
5.548537	454.090302	454.021225	454.133935	454.064858	
5.566876	454.090302	454.021225	454.133935	454.064858	
5.571422	454.090302	454.021225	454.133935	454.064858	
5.58172	454.090302	454.021225	454.133935	454.064858	
5.591732	454.090302	454.021225	454.133935	454.064858	
5.60194	454.090302	454.021225	454.133935	454.064858	
5.612589	454.090302	454.021225	454.133935	454.064858	
5.622348	454.090302	454.021225	454.133935	454.064858	
5.632475	454.090302	454.021225	454.133935	454.064858	
5.642602	454.090302	454.021225	454.133935	454.064858	
5.652829	454.090302	454.021225	454.133935	454.064858	
5.663018	454.090302	454.021225	454.133935	454.064858	
5.6731	454.090302	454.021225	454.133935	454.064858	
5.683305	454.090302	454.021225	454.133935	454.064858	
5.693486	454.090302	454.021225	454.133935	454.064858	
5.703656	454.090302	454.021225	454.133935	454.064858	
5.71387	454.090302	454.021225	454.133935	454.064858	
5.72401	454.090302	454.021225	454.133935	454.064858	
5.734196	454.090302	454.021225	454.133935	454.064858	
5.744371	454.090302	454.021225	454.133935	454.064858	
5.75446	454.090302	454.021225	454.133935	454.064858	
5.764713	454.090302	454.021225	454.133935	454.064858	
5.774927	454.090302	454.021225	454.133935	454.064858	
5.785091	454.090302	454.021225	454.133935	454.064858	
5.795247	454.090302	454.021225	454.133935	454.064858	
5.805562	454.090302	454.021225	454.133935	454.064858	
5.81563	454.090302	454.021225	454.133935	454.064858	
5.825803	454.090302	454.021225	454.133935	454.064858	
5.835958	454.090302	454.021225	454.133935	454.064858	
5.846151	454.090302	454.021225	454.133935	454.064858	
5.856735	454.090302	454.021225	454.133935	454.064858	
5.866413	454.090302	454.021225	454.133935	454.064858	
5.876601	454.090302	454.021225	454.133935	454.064858	
5.886808	454.090302	454.021225	454.133935	454.064858	
5.896885	454.090302	454.021225	454.133935	454.064858	
5.907054	454.090302	454.021225	454.133935	454.064858	
5.917356	454.090302	454.021225	454.133935	454.064858	
5.927529	454.090302	454.021225	454.133935	454.064858	
5.937677	454.090302	454.021225	454.133935	454.064858	
5.947707	454.090302	454.021225	454.133935	454.064858	
5.958329	454.090302	454.021225	454.133935	454.064858	
5.968064	454.090302	454.021225	454.133935	454.064858	
5.978241	454.090302	454.021225	454.133935	454.064858	
5.98841	454.090302	454.021225	454.133935	454.064858	
5.998496	454.090302	454.021225	454.133935	454.064858	
6.008711	454.090302	454.021225	454.133935	454.064858	
6.018879	454.090302	454.021225	454.133935	454.064858	
6.029223	454.090302	454.021225	454.133935	454.064858	
6.039449	454.090302	454.021225	454.133935	454.064858	
6.049563	454.090302	454.021225	454.133935	454.064858	
6.059812	454.090302	454.021225	454.133935	454.064858	
6.069947	454.090302	454.021225	454.133935	454.064858	
6.080157	454.090302	454.021225	454.133935	454.064858	
6.090278	454.090302	454.021225	454.133935	454.064858	
6.100404	454.090302	454.021225	454.133935	454.064858	
6.110602	454.090302	454.021225	454.133935	454.064858	
6.12106	454.090302	454.021225	454.133935	454.064858	
6.131245	454.090302	454.021225	454.133935	454.064858	
6.141479	454.090302	454.021225	454.133935	454.064858	
6.15157	454.090302	454.021225	454.133935	454.064858	
6.161703	454.090302	454.021225	454.133935	454.064858	
6.172021	454.090302	454.021225	454.133935	454.064858	
6.18211	454.090302	454.021225	454.133935	454.064858	
6.192204	454.090302	454.021225	454.133935	454.064858	
6.202394	454.090302	454.021225	454.133935	454.064858	
6.212541	454.090302	454.021225	454.133935	454.064858	
6.22326	454.090302	454.021225	454.133935	454.064858	
6.233435	454.090302	454.021225	454.133935	454.064858	
6.24359	454.090302	454.021225	454.133935	454.064858	
6.253787	454.090302	454.021225	454.133935	454.064858	
6.263879	454.090302	454.021225	454.133935	454.064858	
6.274121	454.090302	454.021225	454.133935	454.064858	
6.284287	454.090302	454.021225	454.133935	454.064858	
6.294481	454.090302	454.021225	454.133935	454.064858	
6.304621	454.090302	454.021225	454.133935	454.064858	
6.314762	454.090302	454.021225	454.133935	454.064858	
6.325528	454.090302	454.021225	454.133935	454.064858	
6.335512	454.090302	454.021225	454.133935	454.064858	
6.345716	454.090302	454.021225	454.133935	454.064858	
6.355913	454.090302	454.021225	454.133935	454.064858	
6.366145	454.090302	454.021225	454.133935	454.064858	
6.376201	454.090302	454.021225	454.133935	454.064858	
6.386385	454.090302	454.021225	454.133935	454.064858	
6.396512	454.090302	454.021225	454.133935	454.064858	
6.407402	454.090302	454.021225	454.133935	454.064858	
6.426035	454.090302	454.021225	454.133935	454.064858	
6.430637	454.090302	454.021225	454.133935	454.064858	
6.4408	454.090302	454.021225	454.133935	454.064858	
6.450989	454.090302	454.021225	454.133935	454.064858	
6.461113	454.090302	454.021225	454.133935	454.064858	
6.471325	454.090302	454.021225	454.133935	454.064858	
6.481485	454.090302	454.021225	454.133935	454.064858	
6.491656	454.090302	454.021225	454.133935	454.064858	
6.501882	454.090302	454.021225	454.133935	454.064858	
6.511963	454.090302	454.021225	454.133935	454.064858	
6.522156	454.090302	454.021225	454.133935	454.064858	
6.532724	454.090302	454.021225	454.133935	454.064858	
6.542547	454.090302	454.021225	454.133935	454.064858	
6.552702	454.090302	454.021225	454.133935	454.064858	
6.56284	454.090302	454.021225	454.133935	454.064858	
6.573054	454.090302	454.021225	454.133935	454.064858	
6.5832	454.090302	454.021225	454.133935	454.064858	
6.593348	454.090302	454.021225	454.133935	454.064858	
6.603558	454.090302	454.021225	454.133935	454.064858	
6.613728	454.090302	454.021225	454.133935	454.064858	
6.634198	454.090302	454.021225	454.133935	454.064858	
6.646783	454.090302	454.021225	454.133935	454.064858	
6.651321	454.090302	454.021225	454.133935	454.064858	
6.661566	454.090302	454.021225	454.133935	454.064858	
6.671629	454.090302	454.021225	454.133935	454.064858	
6.681855	454.090302	454.021225	454.133935	454.064858	
6.692046	454.090302	454.021225	454.133935	454.064858	
6.702175	454.090302	454.021225	454.133935	454.064858	
6.71234	454.090302	454.021225	454.133935	454.064858	
6.732932	454.090302	454.021225	454.133935	454.064858	
6.745943	454.090302	454.021225	454.133935	454.064858	
6.750521	454.090302	454.021225	454.133935	454.064858	
6.760698	454.090302	454.021225	454.133935	454.064858	
6.770851	454.090302	454.021225	454.133935	454.064858	
6.781041	454.090302	454.021225	454.133935	454.064858	
6.791168	454.090302	454.021225	454.133935	454.064858	
6.801363	454.090302	454.021225	454.133935	454.064858	
6.811565	454.090302	454.021225	454.133935	454.064858	
6.821738	454.090302	454.021225	454.133935	454.064858	
6.83369	454.090302	454.021225	454.133935	454.064858	
6.842085	454.090302	454.021225	454.133935	454.064858	
6.852321	454.090302	454.021225	454.133935	454.064858	
6.862441	454.090302	454.021225	454.133935	454.064858	
6.872537	454.090302	454.021225	454.133935	454.064858	
6.882754	454.090302	454.021225	454.133935	454.064858	
6.892935	454.090302	454.021225	454.133935	454.064858	
6.903108	454.090302	454.021225	454.133935	454.064858	
6.913287	454.090302	454.021225	454.133935	454.064858	
6.923418	454.090302	454.021225	454.133935	454.064858	
6.935994	454.090302	454.021225	454.133935	454.064858	
6.943815	454.090302	454.021225	454.133935	454.064858	
6.953945	454.090302	454.021225	454.133935	454.064858	
6.964154	454.090302	454.021225	454.133935	454.064858	
6.974248	454.090302	454.021225	454.133935	454.064858	
6.984469	454.090302	454.021225	454.133935	454.064858	
6.994635	454.090302	454.021225	454.133935	454.064858	
7.004789	454.090302	454.021225	454.133935	454.064858	
7.015038	454.090302	454.021225	454.133935	454.064858	
7.025432	454.090302	454.021225	454.133935	454.064858	
7.036906	454.090302	454.021225	454.133935	454.064858	
7.045622	454.090302	454.021225	454.133935	454.064858	
7.055684	454.090302	454.021225	454.133935	454.064858	
7.065824	454.090302	454.021225	454.133935	454.064858	
7.075998	454.090302	454.021225	454.133935	454.064858	
7.086313	454.090302	454.021225	454.133935	454.064858	
7.096312	454.090302	454.021225	454.133935	454.064858	
7.106463	454.090302	454.021225	454.133935	454.064858	
7.1166	454.090302	454.021225	454.133935	454.064858	
7.12677	454.090302	454.021225	454.133935	454.064858	
7.139091	454.090302	454.021225	454.133935	454.064858	
7.147147	454.090302	454.021225	454.133935	454.064858	
7.157305	454.090302	454.021225	454.133935	454.064858	
7.167403	454.090302	454.021225	454.133935	454.064858	
7.177697	454.090302	454.021225	454.133935	454.064858	
7.188218	454.090302	454.021225	454.133935	454.064858	
7.197991	454.090302	454.021225	454.133935	454.064858	
7.208033	454.090302	454.021225	454.133935	454.064858	
7.218189	454.090302	454.021225	454.133935	454.064858	
7.236714	454.090302	454.021225	454.133935	454.064858	
7.242932	454.090302	454.021225	454.133935	454.064858	
7.251498	454.090302	454.021225	454.133935	454.064858	
7.261722	454.090302	454.021225	454.133935	454.064858	
7.271833	454.090302	454.021225	454.133935	454.064858	
7.281954	454.090302	454.021225	454.133935	454.064858	
7.292193	454.090302	454.021225	454.133935	454.064858	
7.302326	454.090302	454.021225	454.133935	454.064858	
7.312482	454.090302	454.021225	454.133935	454.064858	
7.322664	454.090302	454.021225	454.133935	454.064858	
7.333058	454.090302	454.021225	454.133935	454.064858	
7.344956	454.090302	454.021225	454.133935	454.064858	
7.353236	454.090302	454.021225	454.133935	454.064858	
7.363378	454.090302	454.021225	454.133935	454.064858	
7.373643	454.090302	454.021225	454.133935	454.064858	
7.383708	454.090302	454.021225	454.133935	454.064858	
7.393885	454.090302	454.021225	454.133935	454.064858	
7.404797	454.090302	454.021225	454.133935	454.064858	
7.414243	454.090302	454.021225	454.133935	454.064858	
7.424571	454.090302	454.021225	454.133935	454.064858	
7.434669	454.090302	454.021225	454.133935	454.064858	
7.446979	454.090302	454.021225	454.133935	454.064858	
7.46289	454.090302	454.021225	454.133935	454.064858	
7.467501	454.090302	454.021225	454.133935	454.064858	
7.47768	454.090302	454.021225	454.133935	454.064858	
7.488205	454.090302	454.021225	454.133935	454.064858	
7.497928	454.090302	454.021225	454.133935	454.064858	
7.508103	454.090302	454.021225	454.133935	454.064858	
7.518223	454.090302	454.021225	454.133935	454.064858	
7.528328	454.090302	454.021225	454.133935	454.064858	
7.538552	454.090302	454.021225	454.133935	454.064858	
7.551157	454.090302	454.021225	454.133935	454.064858	
7.566965	454.090302	454.021225	454.133935	454.064858	
7.571515	454.090302	454.021225	454.133935	454.064858	
7.581747	454.090302	454.021225	454.133935	454.064858	
7.591803	454.090302	454.021225	454.133935	454.064858	
7.602031	454.090302	454.021225	454.133935	454.064858	
7.612275	454.090302	454.021225	454.133935	454.064858	
7.622434	454.090302	454.021225	454.133935	454.064858	
7.632539	454.090302	454.021225	454.133935	454.064858	
7.642659	454.090302	454.021225	454.133935	454.064858	
7.662732	454.090302	454.021225	454.133935	454.064858	
7.667293	454.090302	454.021225	454.133935	454.064858	
7.685659	454.090302	454.021225	454.133935	454.064858	
7.690171	454.090302	454.021225	454.133935	454.064858	
7.700434	454.090302	454.021225	454.133935	454.064858	
7.710572	454.090302	454.021225	454.133935	454.064858	
7.721869	454.090302	454.021225	454.133935	454.064858	
7.730946	454.090302	454.021225	454.133935	454.064858	
7.741034	454.090302	454.021225	454.133935	454.064858	
7.752327	454.090302	454.021225	454.133935	454.064858	
7.761378	454.090302	454.021225	454.133935	454.064858	
7.771619	454.090302	454.021225	454.133935	454.064858	
7.781817	454.090302	454.021225	454.133935	454.064858	
7.791885	454.090302	454.021225	454.133935	454.064858	
7.802155	454.090302	454.021225	454.133935	454.064858	
7.812342	454.090302	454.021225	454.133935	454.064858	
7.822459	454.090302	454.021225	454.133935	454.064858	
7.832609	454.090302	454.021225	454.133935	454.064858	
7.842734	454.090302	454.021225	454.133935	454.064858	
7.85463	454.090302	454.021225	454.133935	454.064858	
7.863209	454.090302	454.021225	454.133935	454.064858	
7.873353	454.090302	454.021225	454.133935	454.064858	
7.883505	454.090302	454.021225	454.133935	454.064858	
7.893683	454.090302	454.021225	454.133935	454.064858	
7.904281	454.090302	454.021225	454.133935	454.064858	
7.914405	454.090302	454.021225	454.133935	454.064858	
7.924576	454.090302	454.021225	454.133935	454.064858	
7.935075	454.090302	454.021225	454.133935	454.064858	
7.944828	454.090302	454.021225	454.133935	454.064858	
7.957105	454.090302	454.021225	454.133935	454.064858	
7.965274	454.090302	454.021225	454.133935	454.064858	
7.97541	454.090302	454.021225	454.133935	454.064858	
7.985568	454.090302	454.021225	454.133935	454.064858	
7.995708	454.090302	454.021225	454.133935	454.064858	
8.005904	454.090302	454.021225	454.133935	454.064858	
8.016027	454.090302	454.021225	454.133935	454.064858	
8.026201	454.090302	454.021225	454.133935	454.064858	
8.036388	454.090302	454.021225	454.133935	454.064858	
8.046478	454.090302	454.021225	454.133935	454.064858	
8.056896	454.090302	454.021225	454.133935	454.064858	
8.066874	454.090302	454.021225	454.133935	454.064858	
8.07706	454.090302	454.021225	454.133935	454.064858	
8.08722	454.090302	454.021225	454.133935	454.064858	
8.097354	454.090302	454.021225	454.133935	454.064858	
8.11592	454.090302	454.021225	454.133935	454.064858	
8.120475	454.090302	454.021225	454.133935	454.064858	
8.130661	454.090302	454.021225	454.133935	454.064858	
8.140845	454.090302	454.021225	454.133935	454.064858	
8.151035	454.090302	454.021225	454.133935	454.064858	
8.162714	454.090302	454.021225	454.133935	454.064858	
8.171376	454.090302	454.021225	454.133935	454.064858	
8.181635	454.090302	454.021225	454.133935	454.064858	
8.191677	454.090302	454.021225	454.133935	454.064858	
8.201805	454.090302	454.021225	454.133935	454.064858	
8.212022	454.090302	454.021225	454.133935	454.073585	
8.222256	454.090302	454.021225	454.133935	454.073585	
8.232345	454.090302	454.029952	454.133935	454.073585	
8.242497	454.090302	454.029952	454.133935	454.082311	
8.252643	454.090302	454.029952	454.133935	454.091038	
8.264849	454.090302	454.038678	454.133935	454.099765	
8.27306	454.090302	454.047405	454.133935	454.099765	
8.283184	454.090302	454.056132	454.133935	454.108491	
8.293363	454.090302	454.064858	454.133935	454.117218	
8.303462	454.090302	454.064858	454.133935	454.125945	
8.313692	454.090302	454.073585	454.133935	454.134671	
8.323859	454.090302	454.082311	454.133935	454.134671	
8.334033	454.090302	454.091038	454.133935	454.143398	
8.344204	454.090302	454.099765	454.133935	454.152125	
8.354312	454.090302	454.099765	454.133935	454.160851	
